4.893925 7796
2.104755 14202
4.626263 19588
4.867081 14171
5 15517
4.464958 22041
5 11150
5 515
4.971613 2709
5 3740
4.820644 20284
5 5103
5 9865
4.770546 16390
4.850788 17139
5 9974
5 7320
5 3398
5 6021
4.036064 4011
4.986957 1180
4.187541 9033
2.596016 20620
5 4375
4.189739 8340
4.973576 22428
4.962600 20095
5 18717
5 4975
4.961256 21431
4.967702 4278
5 15204
4.683769 4881
5 17050
5 2076
5 18325
5 14645
5 1763
5 10635
5 4844
5 19577
4.904730 12322
4.828691 8889
5 1247
4.745609 226
5 12646
4.828057 7042
4.819664 9895
5 791
5 18870
4.149502 16429
4.643998 15797
4.762774 17009
5 13725
4.717035 5783
0.894996 18417
5 20418
5 21737
5 19994
4.839205 13814
5 17074
2.815794 21871
5 20310
5 506
3.607822 10256
3.875684 15603
3.764593 14425
5 7744
5 817
4.771680 11552
4.612236 21881
4.981644 2958
5 14169
5 16813
4.159939 11714
4.967427 10250
4.321474 9053
4.939674 9347
5 7340
5 21572
4.315464 15194
4.506522 13268
5 19910
5 15448
4.797426 9157
5 20034
5 16077
4.658614 13219
5 14672
5 20348
5 6827
5 15954
4.561807 11583
4.855707 10457
5 22440
4.637758 15386
4.663626 6240
5 14883
5 12900
4.885157 12073
3.516034 22048
4.614651 4434
4.496777 13205
5 17981
5 9787
5 15041
5 10267
5 376
5 1937
5 5628
5 4744
5 16379
4.492909 12010
3.565844 21662
4.269675 8220
5 6788
5 10092
5 13735
4.248640 7920
5 8708
5 11295
4.361352 1549
3.327279 20107
4.766408 12990
4.999279 6908
5 291
5 20372
4.512598 3461
2.587302 12019
0.464325 22029
5 9962
4.425611 4170
5 2326
4.148596 14251
5 12265
4.870914 5920
5 13245
4.148596 19304
4.564153 11969
4.810163 10207
4.060811 16260
5 2651
4.885795 12299
5 12044
3.159970 19803
4.645646 12617
4.514018 16767
4.277531 8849
4.728553 5503
5 5176
5 2115
4.116813 13188
5 8915
5 120
4.667034 19815
5 20833
5 19657
4.908933 12474
4.300147 20970
5 20591
5 15013
4.702885 12738
4.753572 19267
5 4875
4.868377 16280
5 12812
5 19727
4.701505 13694
4.768414 3495
5 10568
5 20957
5 7695
5 3692
5 6295
5 1360
4.649343 402
4.651244 3149
4.405653 1089
0.991121 9632
5 13909
5 10788
5 6360
4.019605 17239
3.489647 4377
5 15422
5 12816
4.594956 14939
5 10238
3.482172 20045
4.199178 10616
5 9752
4.219344 18668
4.505876 2725
4.821316 3893
4.774562 7526
4.433358 6036
5 11169
3.741926 5884
5 22448
4.727767 3575
5 3261
4.804743 20931
5 269
4.494203 15585
5 16106
5 10971
5 19314
5 19070
4.491398 13820
5 11178
4.728310 1890
5 19982
5 10396
5 9929
5 2940
5 5780
3.433733 22398
4.831369 18996
4.642844 5346
4.156583 14972
5 14661
4.817676 19243
4.123852 11858
4.846218 12142
3.895827 1830
4.555468 12613
4.521147 15313
5 1479
5 18106
4.922501 7949
5 12609
4.422375 3904
3.119614 21758
3.893762 5502
5 6252
3.995263 16838
4.871295 11084
4.621244 1531
4.499321 2684
5 18142
3.092316 9736
5 15084
5 1635
4.420364 6262
5 805
5 3652
5 8423
5 20215
4.147415 22504
5 17781
5 8046
5 6630
4.044261 17674
4.480525 14416
5 16481
4.814991 9874
4.817413 17373
5 4879
4.456299 15540
5 11989
4.956770 9604
4.638966 19014
5 8164
4.903573 3799
5 9751
4.106718 21920
3.689012 11978
4.522537 5167
4.417526 15227
4.914219 8720
4.577122 11033
5 14859
5 14788
5 20681
5 18611
4.826180 651
4.610400 19808
4.830173 20080
5 10450
5 2119
4.615459 7711
4.424033 12244
4.153294 15752
4.502957 10494
5 7446
5 1368
4.933653 15554
5 11895
5 7520
4.501524 9350
4.925398 4889
5 20271
4.856368 15858
4.345207 21685
5 17936
5 2049
3.828390 9214
4.115131 14340
5 18955
5 2911
4.469126 3440
5 21636
4.939191 672
4.632048 20000
5 5079
4.440863 7163
5 2417
4.451340 14017
5 13299
4.765010 3145
2.697241 22058
5 12015
5 18593
5 20852
4.889667 10105
4.966969 21680
4.439519 10042
4.666928 13527
5 21248
4.666278 13165
5 2061
4.544756 8571
4.743225 18331
4.196370 22588
5 935
4.187541 320
4.779770 10613
3.680507 10157
3.558401 18807
4.959294 18998
5 13072
4.147694 9180
4.466687 17839
4.397738 8424
5 11963
3.903027 13413
5 11922
4.958308 12084
5 16189
5 7564
5 6285
3.275126 21952
3.012649 19131
5 529
5 19280
5 12639
4.805807 10310
5 14351
5 10910
4.642025 18578
4.584430 19604
5 6608
4.919376 17171
5 6889
4.671350 17127
3.318612 3792
4.390538 4835
4.874576 19294
4.563710 17143
5 12089
4.459176 9863
3.180144 12012
4.553589 6563
3.948218 19149
4.590419 765
5 18355
5 22313
4.534159 9247
5 17650
3.119983 14469
4.750802 14352
3.821326 18132
4.834258 495
2.890142 10295
5 20451
5 8336
5 16220
5 8799
5 4807
5 12695
5 11219
5 22523
4.455343 10810
5 475
4.308283 15182
4.875030 5930
4.232556 21358
5 15407
5 9649
4.668790 1031
1.523728 7407
5 9635
5 3768
3.969137 13851
1.646564 19979
4.226372 13576
4.624560 20817
4.922550 7270
5 11622
5 6554
4.832940 21757
4.489326 1794
5 9776
4.244848 3909
5 15157
5 1515
4.545390 4323
4.162512 5535
4.366247 2398
5 19534
4.972939 1731
3.937136 19630
5 18798
5 18268
5 17646
4.539533 21289
5 11637
5 18189
4.231828 18716
4.732274 8980
3.989495 12681
5 19881
5 2519
4.464876 3226
3.764014 19962
4.945508 5023
5 12282
4.603096 19173
5 12636
5 20655
5 17474
1.243387 16176
4.626250 12799
5 12006
4.833946 16802
4.896564 6117
2.766019 18119
5 17097
5 4431
4.607560 13787
5 21654
4.192502 17001
4.490779 12909
4.148123 9470
4.780211 3910
5 29
4.518574 2955
4.736718 21247
4.559842 19867
4.687444 10981
4.707154 10088
5 2192
4.933490 14936
4.708202 3239
4.336798 18023
4.342314 13717
5 20579
5 6726
5 14183
4.250741 20567
4.661798 8661
4.896791 18429
5 1716
4.170323 4726
4.507921 6027
5 453
5 11088
4.423230 3006
5 16143
4.977531 5219
4.702477 20234
5 10279
4.475034 14961
4.454545 4526
4.336776 12251
5 19935
4.775162 8612
4.891025 15062
4.695829 4897
5 6023
4.724248 17659
4.986426 9052
4.399683 8352
5 3276
5 11696
5 14860
5 8031
2.778254 10248
5 19282
2.492740 7942
5 21955
4.984966 5469
4.812946 1190
5 15
4.990812 4967
4.406446 20103
5 952
4.525996 14093
4.676127 1271
4.393764 9952
4.866481 966
3.524674 22181
4.231925 9849
5 1078
4.538823 12321
4.666821 17137
4.114413 19308
5 1287
5 8445
5 12975
5 9812
5 20449
4.759048 7062
4.688567 12793
5 10925
4.233883 10138
4.374544 3324
5 22589
5 11308
4.940773 15939
4.293757 22551
4.794540 1494
4.681711 198
4.813271 16214
4.588328 275
4.787293 13208
5 8209
5 18489
4.202179 9291
5 9921
3.615200 18721
5 19259
4.627029 17495
4.553393 14991
4.256348 19517
4.359773 12106
4.641465 15210
5 10383
5 19006
4.336486 11664
4.747098 19174
4.223759 17520
5 10920
4.375888 2492
5 10230
4.715947 239
4.671489 1867
4.148439 16921
5 10404
4.795071 7043
5 18561
4.842521 11104
5 1752
5 19705
5 9878
4.889370 14471
5 17651
4.115111 17065
4.864557 20706
5 14609
5 8136
5 178
4.820572 15301
5 6807
5 17035
4.881528 13284
4.565828 16462
4.736633 11062
5 1483
4.333909 20407
5 20304
3.975682 9401
5 18071
3.869537 14679
4.587117 6958
5 11640
4.927418 9335
4.457761 20218
4.512447 3516
4.524076 1983
4.889352 4898
5 34
4.213784 20126
4.871972 1852
5 16377
4.890474 6500
4.871830 6083
3.897940 7507
4.984915 18791
4.521288 1126
5 7332
4.619562 756
4.302173 16668
4.105925 3698
5 7423
4.641112 9036
4.474597 17826
5 20875
4.487504 3443
4.287176 2223
4.243927 8647
4.214262 11871
3.850244 19437
5 111
4.374145 15056
4.127400 12804
4.665413 3974
4.785144 10902
5 1721
4.352619 2328
4.330557 2359
4.280883 18938
4.419045 607
5 9305
5 21158
5 806
4.900830 936
2.014880 19379
5 8533
4.397589 1145
5 7329
4.901460 129
4.148596 2291
5 1668
4.765039 5061
5 14624
5 12750
4.685496 20343
5 9817
5 901
5 21743
5 7116
4.785286 21778
5 14321
5 16057
4.727889 9159
5 8556
5 8737
0.785010 14467
5 15079
4.082987 21482
4.531818 11957
4.523127 2354
4.686688 3353
4.354424 19562
5 7005
5 18258
5 10718
3.081639 22413
4.964338 5274
5 5348
4.868377 15593
4.153548 10566
5 11721
5 19065
4.519942 15402
5 14158
4.232633 11928
5 9959
4.379357 2755
4.485280 6675
4.388357 17200
5 17095
3.789909 12482
4.693414 5522
5 1374
5 13329
5 5448
5 18966
4.996281 8709
4.205139 2996
4.295177 21719
4.565236 21144
4.024776 1793
5 2346
3.802318 20986
5 15804
3.649894 5788
5 8092
5 16671
5 7654
4.524009 6196
5 13855
5 10119
3.352352 14094
4.343918 2762
2.261297 21448
5 2329
5 15799
4.864247 21348
5 14669
5 14912
5 3533
5 447
2.541211 16521
3.847474 2514
4.366740 7056
4.296263 18458
5 20063
4.937083 18218
5 16541
4.325151 13323
4.513666 16855
5 886
4.694680 21943
5 9915
4.007650 12850
4.261672 12797
5 16496
4.795090 5592
4.652587 13174
4.465190 20714
4.240950 1851
5 5312
5 18921
4.496716 3476
3.906033 9303
5 8804
5 6064
4.512399 2399
4.898495 6656
4.565483 20542
4.380808 15363
4.601779 1737
4.342024 13616
5 16759
5 19289
4.777174 22063
5 7692
5 4914
5 15239
4.062973 474
4.908391 13579
5 11205
4.148753 21663
5 4096
4.860901 13572
5 22103
4.490204 19750
4.640914 8624
4.282907 15205
4.730407 17467
4.604664 1067
4.559939 5063
5 22498
5 22000
3.990383 16318
5 13136
5 9571
4.558961 10615
5 19983
3.078041 13416
5 10182
4.032187 20227
4.739028 748
5 15057
4.824740 2357
5 6403
5 3839
5 11815
5 2935
3.948199 17229
5 20416
5 10641
5 15417
5 22632
4.148596 14226
3.071516 17628
4.012517 1470
4.949935 16542
4.908677 10065
4.454138 2699
2.478959 22136
5 20972
4.940841 16794
4.530417 12784
5 22487
4.544810 10890
5 13715
4.851357 4681
4.156289 2742
5 1722
4.885218 21937
4.170419 3195
3.728423 622
3.290527 11734
4.989311 12148
4.516222 17075
4.486063 20237
5 18184
5 14878
4.138008 1227
4.532382 20424
4.081764 17877
2.192423 19435
4.683973 7063
4.330409 7039
4.996619 1249
4.568777 18580
4.714334 13002
4.724633 18795
4.773854 22587
4.635091 1009
5 1128
2.771035 7965
4.907110 8577
5 16448
4.332605 8491
4.062596 14704
4.521728 4459
5 7295
3.634794 7485
4.770957 4673
5 13659
4.647366 7428
5 8631
5 18256
5 16964
4.999827 11691
4.563969 7125
4.767041 13916
5 12837
4.698646 21095
5 17247
4.496835 15319
4.713987 4661
4.713889 221
4.291877 4733
4.830215 21661
5 14413
4.468013 11933
4.459639 22008
5 5307
3.673313 11995
5 4599
5 21029
5 12628
4.848174 16401
5 17114
4.909646 8232
5 7457
4.371231 9563
3.833826 10631
4.890459 6944
4.953976 19675
5 17462
4.511622 8000
5 20093
5 17314
1.948605 7893
3.754885 11294
4.550964 3659
5 16881
5 2432
5 18265
4.626280 7101
4.889042 4905
2.706589 6098
2.731019 11249
5 17116
3.669000 10275
5 12498
5 2796
5 512
4.544183 10646
4.995492 8909
5 12795
5 4088
5 12395
5 15404
4.246982 3415
5 6610
4.691452 16268
5 15259
3.996707 17624
5 3043
5 4871
5 1331
5 12478
4.778645 841
3.365852 16388
5 17589
4.068556 20672
4.145596 3934
5 1435
4.437161 19772
5 2217
5 19865
4.753078 7646
5 14211
4.620018 1845
5 11897
5 18552
4.620675 15329
5 15201
4.906984 20340
4.838562 17374
5 8148
4.791246 1834
4.079449 18885
5 8017
4.638070 22528
5 5291
5 18411
4.784236 2252
4.670337 13563
5 12352
5 13253
4.327774 11944
3.424061 22527
4.456262 11135
4.608259 11045
4.854368 5122
5 20742
4.702802 21414
4.977360 4275
4.513340 16349
4.444192 7000
4.733769 5634
5 616
4.881419 4935
5 22173
4.650651 12248
5 22336
4.583331 11312
4.339796 9312
4.927398 22698
3.417485 1072
5 13078
4.281166 5898
5 13985
4.658536 16589
5 22268
4.615876 1844
5 12509
5 5331
4.129053 3593
5 15651
5 12066
5 880
4.630588 4667
4.732036 20253
4.768150 16976
4.917664 19082
4.882431 3485
5 19655
5 2073
3.284554 21754
5 6849
4.165106 17980
5 16463
4.624809 17315
4.939576 9308
4.575293 21664
4.278341 7686
3.728234 3049
4.191831 18402
4.942295 10178
4.971379 19947
5 7731
5 676
4.866142 13391
3.941923 11320
4.143546 13460
4.022058 11025
5 5828
5 20278
4.113415 11614
4.448798 11019
4.666053 875
4.853072 13822
5 15894
5 21619
5 4305
5 19608
5 849
4.531065 173
4.919635 20485
3.873154 631
5 13580
5 14654
2.557230 19976
5 15159
2.897432 15833
4.671521 15421
4.615876 19306
4.507119 19111
4.526765 14793
4.993350 19093
5 19545
4.309537 4567
4.403160 11766
4.875897 14877
3.856235 5424
4.326062 1037
4.391085 16288
4.148596 5302
5 8394
4.227789 14367
4.576883 11959
4.167851 13346
4.457157 11632
5 18900
5 16287
4.210663 8596
4.616760 216
5 10806
5 282
5 13198
4.896392 2033
4.896280 10006
5 8454
5 8443
4.392745 11654
5 11556
5 16408
5 19162
5 885
4.650498 11804
4.982682 3876
4.385413 17561
4.924721 21051
4.511611 14908
4.634050 17036
4.654915 10643
5 10531
3.875676 16980
1.121022 16157
5 13902
2.641661 18535
4.390614 21378
3.144320 22004
5 12136
4.966166 10503
5 3958
4.176440 6105
5 14990
4.975219 6062
4.523758 12930
4.877038 8784
4.668919 11396
4.350526 22154
4.771362 823
5 6866
5 10368
4.694237 483
4.297362 3106
4.827218 12996
4.395175 14948
5 13875
5 18459
5 9043
5 12877
4.524269 11770
5 16873
4.365657 196
5 20450
4.397589 1146
4.169438 12514
4.223727 16152
5 10009
5 5739
4.508438 12585
3.520953 20136
4.551639 4938
4.303317 19777
5 5249
4.321398 5890
5 10557
4.930677 1899
4.785433 10146
4.837687 20962
5 862
4.696279 1125
4.374856 8706
4.779498 7472
5 8310
5 18242
5 21066
4.905798 3617
4.612314 1974
5 12946
4.616200 4707
4.702544 7075
4.445721 18744
4.148439 8843
5 1990
5 1563
5 12849
4.350486 22436
4.589950 13484
4.216691 224
4.015502 3530
5 102
4.726680 15865
4.948368 18576
0.902572 20216
4.916047 7154
5 16919
4.911725 13557
5 1713
4.696210 20956
4.917274 16936
4.982990 10936
5 2896
3.487150 19085
4.670092 1195
5 16958
3.737279 21042
4.491139 10177
5 6765
4.381078 15516
5 22651
5 10919
4.970199 4346
4.640056 17397
2.390420 10225
5 13991
4.778836 8397
5 10451
4.597810 6704
4.772695 1941
5 13654
2.832640 847
5 1161
4.527340 3906
5 9181
4.422071 11114
5 21742
4.659486 21489
5 17588
5 8080
5 12264
4.740109 6981
5 1927
5 1621
5 22631
5 16312
5 17011
3.125845 13842
5 1507
5 20077
5 9658
4.493999 2722
5 10894
5 9700
4.905798 758
5 11755
4.323580 20924
5 19661
5 8582
5 10198
5 930
5 14012
5 10752
4.518336 2930
5 2161
4.906538 3230
4.470302 12075
4.775206 20031
4.659370 19034
5 5163
5 2906
4.440007 19764
5 13011
5 9472
4.698301 12808
4.671729 3605
4.023799 9167
5 10709
5 2179
4.210918 12289
4.326240 9880
2.667938 22557
5 9606
5 19550
4.061238 10518
2.689316 12673
5 2908
3.455987 17609
4.756213 13511
5 8916
5 517
4.495031 7151
4.148596 5518
5 16748
5 15099
4.696558 2939
4.412038 11132
4.035844 414
5 14873
5 20550
0.889491 5584
4.678763 11923
4.148596 3462
5 9447
5 18233
5 22541
5 18341
5 12851
4.776489 7530
4.604264 13013
4.955430 10273
5 22556
5 273
5 11730
5 19639
4.506293 20682
4.510384 8338
4.309988 11134
2.051623 18562
5 9650
5 16744
5 20704
4.410425 6328
4.948133 19123
5 14615
4.704463 11802
4.148596 1141
5 297
5 2347
4.297821 17679
4.643371 19124
5 3945
5 13004
4.897894 21007
4.259734 13854
5 15782
4.246655 5551
4.777567 8864
4.288837 209
4.083618 13843
5 13153
5 18491
4.490005 4259
4.089100 15719
4.858785 7219
2.617651 17620
5 9555
4.567915 15151
5 3566
3.873218 12531
4.888597 3701
5 18878
4.947955 19957
3.381587 14898
5 19011
5 9062
4.575122 16949
5 101
5 20057
5 16357
5 12890
5 223
4.148596 9648
5 7658
4.632155 6980
4.200771 787
4.989194 21836
4.159253 2447
5 3297
5 9678
5 16441
4.754558 18204
4.514521 21624
5 19045
5 2377
5 19413
5 1944
4.870432 5271
4.576102 13585
4.215782 22488
4.148439 8079
5 9189
4.131709 9876
4.596796 1214
4.523276 7152
4.520439 8016
3.376976 16242
3.720199 1975
4.622162 6067
4.603726 21353
5 2008
4.448020 20928
5 18622
4.917871 8001
4.477639 9176
5 8192
5 12994
5 13491
5 1159
5 12929
3.470641 8456
5 21427
5 5650
5 6283
5 12473
5 9933
5 21446
5 2582
4.678823 3100
4.627199 20378
5 5237
4.649874 11098
4.399683 6782
4.828197 4953
5 12905
5 6904
4.516012 6106
5 21284
4.554659 19574
4.435967 9589
4.519481 18443
5 10475
4.527802 6494
4.643290 2800
4.464755 13573
3.563690 20552
4.603604 4910
4.605530 10203
4.019605 19451
4.797251 20222
4.474776 6032
5 10798
5 8829
4.000730 10793
5 22260
4.441266 10940
4.148439 10433
5 19309
4.466373 20582
5 3052
5 13474
3.422844 17870
4.869028 21235
5 20430
5 13126
5 13522
3.246242 8161
3.638735 22572
5 12227
4.961421 6213
5 13739
4.457352 21053
4.754759 21050
3.332924 19057
4.308457 20490
5 293
4.096692 10906
4.590294 16303
5 14571
2.255831 2885
5 14978
5 11262
5 7862
4.374363 6491
5 8025
4.889330 13352
4.750098 8970
4.706045 15657
4.560645 19605
4.648352 20092
3.710848 9872
4.460583 1817
4.148596 5075
5 15230
4.665926 9463
4.971276 11527
5 10994
5 908
4.983492 22
4.982524 6370
4.222391 4324
4.181474 17844
4.325810 18581
4.390921 19256
4.668797 20157
3.886370 15665
5 20589
3.787212 12653
5 9670
2.822171 12729
5 4247
4.655027 2989
4.750077 3564
4.800269 7366
5 2352
4.433397 11862
5 5461
4.776375 13778
5 5450
3.678280 21072
5 17331
4.301335 15926
4.922375 7738
5 6277
4.950508 4177
4.551195 17698
4.638355 6414
4.102173 5616
5 10723
2.929165 15801
4.310892 13154
4.871178 6961
5 12286
4.697796 9432
4.093872 14831
5 7237
4.708350 13799
5 12354
5 18833
4.996019 7274
4.822111 19622
4.485345 19567
4.113890 6984
4.111155 22075
4.277837 4351
2.511512 15184
4.706006 16128
5 2229
5 7402
4.201861 16454
1.302427 22020
4.447104 6885
4.893917 667
4.575872 5229
4.382497 694
4.817659 20810
5 2642
3.981514 6600
5 12428
4.941723 19390
5 5410
5 9937
5 18859
4.682475 17066
4.909308 1689
5 20651
4.617564 15109
4.375939 14779
4.929602 3855
5 2668
5 15397
4.665630 14857
4.467006 6402
4.863940 11799
3.622340 18163
5 9035
5 18673
5 990
5 15635
5 15042
4.531260 11401
4.935303 1958
5 22216
4.434758 16147
5 13553
4.796996 643
3.141843 20251
5 14542
5 15288
5 10081
4.188846 3432
4.247297 17675
5 9057
5 6511
5 6664
3.600731 3258
4.654490 5874
5 13748
4.846597 12431
2.325703 3497
4.819816 19689
4.668638 18875
4.300147 1302
5 12618
5 11393
3.920332 1567
4.891731 10423
4.301864 9485
5 21708
5 348
4.498451 3377
4.532123 3514
5 10959
4.363423 5979
5 4921
4.355918 18676
5 11227
5 11379
4.456208 20254
4.252939 2431
5 10278
5 12393
4.274551 8666
3.795617 18681
3.936892 1626
4.830812 12803
5 2234
4.245051 3809
4.477330 16721
4.420196 7509
5 18688
5 21677
5 6857
5 16301
4.255834 3923
4.706897 22272
5 14815
2.011515 17842
4.993493 2741
5 10154
5 10508
5 1715
5 10354
3.562810 8398
5 9152
5 5169
5 13531
5 10822
5 10416
4.597112 22502
5 6943
5 12082
4.554406 2218
5 5468
4.904863 7264
5 15842
4.541896 8327
5 9885
5 6043
5 17052
5 19047
4.520367 20723
4.671462 3644
5 15125
4.674953 8764
4.639488 11316
5 7742
4.729327 18598
4.966380 17055
4.142064 10796
5 13317
5 21851
4.147162 4477
5 5737
4.603155 12403
5 8207
5 13133
4.468942 2657
4.720304 16882
5 6135
4.363339 16415
5 5544
5 21460
4.453898 6309
1.375581 22089
4.213534 14419
4.345491 9419
4.749628 21393
4.579150 3247
5 5465
5 12163
4.166499 15308
4.044631 9260
4.816187 2451
4.817902 18960
5 7885
5 17773
4.917198 4942
3.932057 12881
5 1189
5 11418
5 5564
4.678273 1740
5 15281
5 7815
4.277328 4725
5 10402
5 11735
5 17666
5 1557
4.550738 13161
5 4833
2.034076 14470
5 16251
4.698057 8480
5 20493
5 19878
3.570851 15889
4.213147 13137
4.692631 22055
3.911334 678
4.632950 13780
5 8196
5 8036
5 10900
4.581006 7273
4.481504 9579
4.672655 6173
5 192
5 20399
4.949728 6310
5 16269
4.795679 2316
4.702064 6637
4.992524 10022
4.988473 3779
4.696696 14292
4.673394 22529
5 3336
3.274850 12002
3.177063 8274
4.102106 14233
4.694818 1432
3.383780 22659
5 22645
4.864017 4840
4.956577 3848
4.679294 15715
4.305768 8972
5 2041
4.551126 14130
3.925604 5118
4.763300 6462
4.688991 15778
4.284306 600
5 1480
5 21187
4.026990 14440
4.618735 3672
5 22240
4.523880 146
4.070513 17366
5 6949
4.950179 7694
5 7267
4.948806 3358
5 15440
5 13619
4.948092 20518
4.751781 10765
4.635843 16185
4.650228 18022
5 18965
5 2169
5 10297
4.226320 3517
5 449
5 10630
4.405452 3576
5 16079
4.116251 11892
5 22263
5 20887
4.597702 6667
5 12347
4.797227 6953
4.955516 17761
4.220317 7566
5 14210
4.857698 171
5 7896
4.021183 12968
4.805023 1902
5 8762
3.807560 10215
5 11520
4.599754 4797
4.730412 13759
4.854904 3900
4.018434 9263
4.343918 759
5 507
0.949092 11675
4.431362 5376
5 4342
5 803
4.303739 10881
4.489306 18107
4.172460 9548
5 17012
5 10659
4.933293 21001
4.148596 10522
3.535847 11888
4.455343 1144
5 1942
5 20676
4.429672 2631
4.510055 11403
3.366034 2798
5 8504
4.657846 11681
4.753119 10199
4.598444 13344
4.464928 132
5 19000
5 3673
5 14551
4.936956 7630
4.423584 9694
4.921121 3513
2.917517 18760
4.714972 9220
5 18469
5 2504
3.788722 19474
4.226882 17564
4.485556 13056
4.602615 4664
5 5417
5 12987
5 15384
5 9807
5 21200
5 15618
5 22125
4.278846 19434
5 7635
5 7904
4.501287 1894
5 12727
4.966803 69
5 2144
2.944790 10243
4.952707 14507
5 13288
5 7644
1.545058 16265
4.528514 14069
5 10767
5 1891
5 4029
5 11339
4.655110 3387
4.181212 8392
4.468309 1235
4.107716 21216
4.813360 8194
5 11479
5 11932
4.311380 13704
4.397186 5191
4.698528 14960
5 21694
5 11488
5 8523
4.270038 14540
5 4850
4.148439 12050
4.811389 16223
5 11631
4.660573 19901
4.880915 16112
4.742500 218
5 18278
4.576628 8712
5 5658
4.495625 18800
4.801027 18902
4.752434 9262
4.634197 6609
4.828989 6833
5 2567
4.190597 14587
5 14220
4.918690 20963
2.470999 9761
4.578253 3992
5 4799
5 18604
4.814892 5857
4.558368 16971
3.547198 922
5 11376
4.901929 12674
5 11700
5 10697
5 17608
4.423075 15097
5 10323
4.415178 8372
5 20350
5 11430
3.617845 19387
5 7533
5 17119
5 8574
4.546118 12314
4.360692 1756
4.901680 1821
4.872809 9854
4.827532 16557
5 10363
4.390005 5447
4.383488 8956
4.478982 3446
4.682193 8095
5 18389
4.776095 15321
4.087052 3176
4.672587 3790
5 20953
5 16467
5 20395
4.938980 15605
4.046243 13369
5 21485
5 10481
5 19330
4.856622 9926
4.173697 5173
4.808679 2250
5 7476
5 8090
4.542113 9186
4.773276 3375
4.613323 12287
5 9592
5 6087
4.485187 20606
4.291078 11902
4.762676 17965
4.945328 4569
4.460198 20106
4.882463 4478
5 5600
4.760377 16076
5 22124
4.767634 812
5 10395
2.109756 6962
4.498053 20680
4.733927 2812
5 6302
4.725953 14222
5 5397
2.833148 15506
4.573236 3311
4.769069 5578
5 52
4.217831 4183
4.579098 1829
4.694392 18295
4.668972 20519
4.150777 12100
5 2873
4.682922 8724
3.813545 2934
4.764008 19542
5 12604
4.534161 4388
4.370471 5818
5 8896
4.305284 11775
5 17836
5 8721
4.250237 820
5 8322
4.884617 15045
4.553991 21052
4.358231 19219
5 15371
5 20658
4.386980 20423
5 8649
4.788242 20872
4.870625 3384
4.910730 14348
4.309741 7691
4.099755 17774
5 19060
4.691288 4329
4.933033 15853
5 36
5 17363
5 18789
5 22573
4.946822 10285
4.174566 3599
5 18635
5 8772
4.617490 19358
4.668763 20650
3.392985 1509
4.994917 9671
5 22179
4.576244 11837
4.236968 11557
2.759223 19199
5 6623
4.260025 16570
5 3183
4.149537 4652
5 8676
2.160966 9333
5 15395
5 9441
5 1949
5 18279
4.805730 4508
4.952186 13903
4.590419 2396
5 11524
5 8204
4.410712 4466
5 14728
4.691975 18428
5 13629
5 8386
4.917673 14058
4.783317 4300
5 22287
4.246760 9946
4.498908 538
4.422533 2439
5 21308
5 8088
4.966809 12306
5 13965
4.806653 1237
4.310678 12713
5 16281
5 8930
5 2036
3.636630 21272
5 87
5 4754
4.971472 1956
2.539955 21578
3.952490 18691
5 13987
5 20459
4.933991 21244
5 17046
3.842839 8609
3.856668 16951
5 13142
5 8489
3.686232 7990
5 11200
4.860098 4315
5 7637
4.511557 7037
5 20071
4.736121 708
5 1098
4.995113 21141
4.647241 10493
4.044033 4016
5 15450
4.539655 14016
5 1959
5 22685
2.943829 21466
4.663007 16445
4.591469 1787
4.235898 5299
5 9638
3.195423 22188
4.927169 11388
5 18649
5 16634
4.389298 1308
5 20895
4.551089 18003
5 8753
4.084401 14273
4.542179 11392
3.495411 16063
5 20393
2.557527 12187
5 2539
5 1556
5 14105
4.890490 10506
4.913527 68
5 5324
5 9436
5 17894
3.819597 14104
3.885234 983
5 2335
4.369885 7311
4.670544 16083
4.949100 6628
4.865356 9127
5 3405
3.886662 10066
4.892106 2736
4.687047 2574
5 1441
5 5692
5 17476
4.464138 3075
4.488936 16059
4.797562 13345
2.253610 15046
4.669916 12979
4.261637 3089
4.681711 9499
4.101820 9856
4.970301 20446
2.706589 15556
4.194136 76
4.654302 4989
5 84
4.590120 22352
4.499142 5322
4.148596 11867
3.834126 3029
5 6353
5 21500
4.543397 20532
5 21321
4.210378 20732
5 1399
4.921857 7707
3.636895 19215
4.957588 2088
4.649600 10599
4.841370 7171
5 17071
3.933312 10904
4.045902 6258
5 16703
4.562481 10569
5 21621
5 11749
4.782599 22250
4.117408 13615
5 10024
4.252348 2710
4.703121 4297
3.471689 9013
5 20049
4.649908 4693
5 7081
5 8020
4.148596 4299
5 13614
5 18329
4.986972 13342
4.050617 7326
4.447624 13127
4.397577 2593
5 10639
5 17296
5 1796
4.643993 12183
5 12730
4.814989 3128
5 18198
3.787207 12029
5 8755
3.876566 18932
5 16168
4.118285 20226
5 16095
2.843850 22023
4.491398 3161
5 12240
5 2235
3.864843 12893
4.731847 15083
5 11533
5 18708
4.323329 3167
4.506641 9465
4.821820 18643
5 17685
4.238920 13940
3.601598 20441
5 4555
5 20948
4.771778 10953
5 13523
4.812007 20202
5 17697
3.525677 15484
5 15485
4.519673 16477
5 15261
4.984453 8201
4.610979 8023
5 11082
4.759254 9536
5 20913
5 614
4.363729 11060
5 2164
5 5178
4.038104 19993
4.494512 11580
4.668839 2825
5 17867
2.840758 20689
4.099629 45
4.771748 10827
4.731517 21424
4.768675 3122
5 511
4.416512 13937
4.976413 8644
5 19943
5 7585
5 2446
3.830035 21373
4.992640 5423
4.153772 14774
4.663548 12263
5 3642
4.316259 8672
5 2650
4.915499 16329
5 15629
4.884096 15662
5 11443
0.981535 12309
5 10082
5 12257
5 15250
4.340743 3866
5 15691
4.851550 2605
3.520121 9195
4.256044 98
3.503930 5882
5 2288
5 13090
5 21474
5 17662
4.256851 18999
5 27
4.176289 5235
3.578178 3537
4.402152 2712
5 16296
5 15342
5 891
4.616536 18334
4.512966 21980
4.555495 17442
4.583261 12258
4.479921 3355
4.993145 21105
5 18271
4.986796 14029
5 18929
5 18255
5 17776
5 7596
3.565298 20502
4.700070 8813
4.199615 3622
5 8907
3.509867 9495
5 16771
5 5280
5 8208
4.512471 3303
5 21525
4.736806 21395
4.176839 21637
5 3027
4.252036 13178
5 20298
4.326062 148
5 12076
4.732099 19846
5 6421
5 2713
4.148596 7570
4.788726 13597
5 13163
4.558594 549
5 10013
4.782504 1140
4.883511 11385
4.744315 494
5 2149
4.582570 462
5 2126
3.540660 3288
4.275647 8803
5 780
3.351084 17458
5 12612
5 12062
4.983364 5361
4.973128 18289
5 20269
5 1208
4.972503 4295
5 19880
5 13248
5 4042
5 11522
5 7015
5 16524
4.830264 13028
4.723255 5223
5 2875
5 16917
5 20670
4.148596 14989
4.448778 6120
4.842513 9583
5 5937
4.712799 5525
3.927872 6552
5 5089
4.465646 4116
5 4491
5 13942
4.810384 6797
5 10380
5 10262
5 14239
4.909566 1798
5 14841
4.321398 6123
2.287816 12591
4.570510 12641
4.148596 8288
5 3559
4.328393 10650
3.531166 17470
5 17749
4.372901 17904
4.230224 5412
4.854938 18726
2.256686 8824
4.569197 7574
5 19262
5 6734
5 8346
4.521288 723
4.615876 3134
5 10556
4.148596 11655
4.456991 20779
4.797412 22438
4.837617 16683
4.508445 10976
2.865463 18767
5 9505
5 18912
4.618123 6995
4.929568 13408
4.740821 19553
4.528757 20757
5 8300
4.588798 11586
5 1775
4.409820 8937
5 6606
4.415784 14872
4.397589 199
4.667050 8412
5 17725
4.838684 741
4.576813 8776
4.954051 20367
4.495088 1930
5 2786
4.253970 5345
5 2789
4.948772 15213
5 12
