7796 4.893925 4
14202 2.104755 0.5
19588 4.626263 5
14171 4.867081 5
15517 5 4
22041 4.464958 0.5
11150 5 5
515 5 5
2709 4.971613 5
3740 5 4.5
20284 4.820644 5
5103 5 5
9865 5 5
16390 4.770546 5
17139 4.850788 5
9974 5 5
7320 5 5
3398 5 5
6021 5 5
4011 4.036064 0.5
1180 4.986957 4
9033 4.187541 5
20620 2.596016 3.5
4375 5 5
8340 4.189739 5
22428 4.973576 5
20095 4.9626 4.5
18717 5 5
4975 5 4
21431 4.961256 5
4278 4.967702 5
15204 5 3
4881 4.683769 5
17050 5 4.5
2076 5 5
18325 5 5
14645 5 5
1763 5 5
10635 5 5
4844 5 4
19577 5 4.5
12322 4.90473 4.5
8889 4.828691 5
1247 5 5
226 4.745609 5
12646 5 4.5
7042 4.828057 5
9895 4.819664 5
791 5 5
18870 5 5
16429 4.149502 1
15797 4.643998 3.5
17009 4.762774 5
13725 5 5
5783 4.717035 4.5
18417 0.894996 0.5
20418 5 5
21737 5 5
19994 5 5
13814 4.839205 5
17074 5 5
21871 2.815794 5
20310 5 5
506 5 5
10256 3.607822 0.5
15603 3.875684 5
14425 3.764593 0.5
7744 5 5
817 5 5
11552 4.77168 4.5
21881 4.612236 3.5
2958 4.981644 5
14169 5 5
16813 5 5
11714 4.159939 2.5
10250 4.967427 4.5
9053 4.321474 2.5
9347 4.939674 5
7340 5 5
21572 5 5
15194 4.315464 0.5
13268 4.506522 4.5
19910 5 2.5
15448 5 5
9157 4.797426 5
20034 5 5
16077 5 5
13219 4.658614 5
14672 5 4.5
20348 5 5
6827 5 4.5
15954 5 4.5
11583 4.561807 5
10457 4.855707 5
22440 5 5
15386 4.637758 4.5
6240 4.663626 0.5
14883 5 4.5
12900 5 5
12073 4.885157 5
22048 3.516034 0.5
4434 4.614651 3.5
13205 4.496777 4.5
17981 5 5
9787 5 4.5
15041 5 5
10267 5 3
376 5 5
1937 5 3.5
5628 5 5
4744 5 5
16379 5 4.5
12010 4.492909 0.5
21662 3.565844 0.5
8220 4.269675 5
6788 5 5
10092 5 5
13735 5 5
7920 4.24864 5
8708 5 5
11295 5 5
1549 4.361352 5
20107 3.327279 3
12990 4.766408 5
6908 4.999279 5
291 5 5
20372 5 4
3461 4.512598 4
12019 2.587302 0.5
22029 0.464325 1
9962 5 4
4170 4.425611 4.5
2326 5 5
14251 4.148596 5
12265 5 5
5920 4.870914 5
13245 5 5
19304 4.148596 5
11969 4.564153 5
10207 4.810163 5
16260 4.060811 5
2651 5 5
12299 4.885795 5
12044 5 5
19803 3.15997 1
12617 4.645646 5
16767 4.514018 5
8849 4.277531 4
5503 4.728553 5
5176 5 5
2115 5 5
13188 4.116813 5
8915 5 5
120 5 5
19815 4.667034 5
20833 5 5
19657 5 5
12474 4.908933 0.5
20970 4.300147 5
20591 5 5
15013 5 5
12738 4.702885 5
19267 4.753572 5
4875 5 5
16280 4.868377 5
12812 5 3.5
19727 5 4.5
13694 4.701505 4.5
3495 4.768414 4.5
10568 5 5
20957 5 4.5
7695 5 5
3692 5 5
6295 5 4.5
1360 5 5
402 4.649343 3.5
3149 4.651244 5
1089 4.405653 3
9632 0.991121 2
13909 5 5
10788 5 5
6360 5 5
17239 4.019605 4.5
4377 3.489647 2
15422 5 3.5
12816 5 5
14939 4.594956 4
10238 5 5
20045 3.482172 3.5
10616 4.199178 4.5
9752 5 5
18668 4.219344 4.5
2725 4.505876 5
3893 4.821316 5
7526 4.774562 5
6036 4.433358 4.5
11169 5 5
5884 3.741926 5
22448 5 4.5
3575 4.727767 5
3261 5 4.5
20931 4.804743 5
269 5 5
15585 4.494203 2
16106 5 5
10971 5 4.5
19314 5 5
19070 5 5
13820 4.491398 5
11178 5 5
1890 4.72831 4
19982 5 4
10396 5 5
9929 5 5
2940 5 5
5780 5 5
22398 3.433733 1
18996 4.831369 5
5346 4.642844 5
14972 4.156583 5
14661 5 4.5
19243 4.817676 5
11858 4.123852 0.5
12142 4.846218 5
1830 3.895827 4.5
12613 4.555468 5
15313 4.521147 4.5
1479 5 4
18106 5 5
7949 4.922501 5
12609 5 5
3904 4.422375 5
21758 3.119614 0.5
5502 3.893762 4.5
6252 5 5
16838 3.995263 5
11084 4.871295 4.5
1531 4.621244 4.5
2684 4.499321 5
18142 5 5
9736 3.092316 3.5
15084 5 4.5
1635 5 4.5
6262 4.420364 5
805 5 5
3652 5 5
8423 5 5
20215 5 4.5
22504 4.147415 5
17781 5 4.5
8046 5 5
6630 5 5
17674 4.044261 0.5
14416 4.480525 5
16481 5 4.5
9874 4.814991 5
17373 4.817413 4.5
4879 5 4.5
15540 4.456299 4.5
11989 5 5
9604 4.95677 3
19014 4.638966 5
8164 5 5
3799 4.903573 4
9751 5 5
21920 4.106718 1
11978 3.689012 1
5167 4.522537 5
15227 4.417526 5
8720 4.914219 5
11033 4.577122 4
14859 5 5
14788 5 5
20681 5 4.5
18611 5 4
651 4.82618 5
19808 4.6104 5
20080 4.830173 5
10450 5 5
2119 5 5
7711 4.615459 4
12244 4.424033 5
15752 4.153294 5
10494 4.502957 5
7446 5 5
1368 5 5
15554 4.933653 5
11895 5 5
7520 5 5
9350 4.501524 5
4889 4.925398 5
20271 5 5
15858 4.856368 5
21685 4.345207 5
17936 5 5
2049 5 5
9214 3.82839 2
14340 4.115131 4
18955 5 5
2911 5 4
3440 4.469126 5
21636 5 5
672 4.939191 4
20000 4.632048 2.5
5079 5 5
7163 4.440863 5
2417 5 4.5
14017 4.45134 4
13299 5 5
3145 4.76501 5
22058 2.697241 1
12015 5 5
18593 5 5
20852 5 5
10105 4.889667 5
21680 4.966969 4
10042 4.439519 5
13527 4.666928 5
21248 5 4.5
13165 4.666278 4
2061 5 5
8571 4.544756 3
18331 4.743225 5
22588 4.19637 5
935 5 5
320 4.187541 5
10613 4.77977 5
10157 3.680507 2
18807 3.558401 3
18998 4.959294 5
13072 5 5
9180 4.147694 4.5
17839 4.466687 4
8424 4.397738 5
11963 5 5
13413 3.903027 5
11922 5 4.5
12084 4.958308 4.5
16189 5 5
7564 5 5
6285 5 5
21952 3.275126 3
19131 3.012649 4
529 5 5
19280 5 5
12639 5 4
10310 4.805807 5
14351 5 3.5
10910 5 5
18578 4.642025 4.5
19604 4.58443 4.5
6608 5 5
17171 4.919376 4.5
6889 5 5
17127 4.67135 5
3792 3.318612 5
4835 4.390538 5
19294 4.874576 5
17143 4.56371 5
12089 5 5
9863 4.459176 4.5
12012 3.180144 1.5
6563 4.553589 5
19149 3.948218 2
765 4.590419 5
18355 5 5
22313 5 4.5
9247 4.534159 3
17650 5 5
14469 3.119983 0.5
14352 4.750802 5
18132 3.821326 2
495 4.834258 5
10295 2.890142 0.5
20451 5 5
8336 5 5
16220 5 5
8799 5 5
4807 5 5
12695 5 5
11219 5 5
22523 5 5
10810 4.455343 3.5
475 5 5
15182 4.308283 4.5
5930 4.87503 4.5
21358 4.232556 5
15407 5 4.5
9649 5 5
1031 4.66879 5
7407 1.523728 1
9635 5 5
3768 5 4.5
13851 3.969137 5
19979 1.646564 0.5
13576 4.226372 5
20817 4.62456 5
7270 4.92255 4.5
11622 5 5
6554 5 5
21757 4.83294 4.5
1794 4.489326 5
9776 5 5
3909 4.244848 5
15157 5 5
1515 5 5
4323 4.54539 5
5535 4.162512 5
2398 4.366247 5
19534 5 5
1731 4.972939 4.5
19630 3.937136 5
18798 5 5
18268 5 5
17646 5 4
21289 4.539533 2.5
11637 5 5
18189 5 5
18716 4.231828 5
8980 4.732274 4.5
12681 3.989495 3.5
19881 5 5
2519 5 5
3226 4.464876 2
19962 3.764014 5
5023 4.945508 5
12282 5 4
19173 4.603096 4.5
12636 5 5
20655 5 4.5
17474 5 5
16176 1.243387 1.5
12799 4.62625 5
12006 5 5
16802 4.833946 5
6117 4.896564 5
18119 2.766019 4
17097 5 5
4431 5 5
13787 4.60756 5
21654 5 5
17001 4.192502 5
12909 4.490779 4.5
9470 4.148123 4.5
3910 4.780211 5
29 5 5
2955 4.518574 5
21247 4.736718 4
19867 4.559842 4
10981 4.687444 5
10088 4.707154 4
2192 5 5
14936 4.93349 5
3239 4.708202 5
18023 4.336798 4.5
13717 4.342314 4
20579 5 4
6726 5 5
14183 5 5
20567 4.250741 5
8661 4.661798 4
18429 4.896791 5
1716 5 5
4726 4.170323 5
6027 4.507921 4
453 5 5
11088 5 5
3006 4.42323 5
16143 5 5
5219 4.977531 5
20234 4.702477 5
10279 5 5
14961 4.475034 5
4526 4.454545 4
12251 4.336776 4.5
19935 5 5
8612 4.775162 3.5
15062 4.891025 4.5
4897 4.695829 5
6023 5 5
17659 4.724248 5
9052 4.986426 5
8352 4.399683 4.5
3276 5 5
11696 5 4.5
14860 5 5
8031 5 5
10248 2.778254 0.5
19282 5 5
7942 2.49274 2
21955 5 5
5469 4.984966 4.5
1190 4.812946 3.5
15 5 5
4967 4.990812 5
20103 4.406446 5
952 5 4.5
14093 4.525996 4
1271 4.676127 5
9952 4.393764 5
966 4.866481 4.5
22181 3.524674 5
9849 4.231925 4
1078 5 4.5
12321 4.538823 5
17137 4.666821 5
19308 4.114413 4
1287 5 5
8445 5 4.5
12975 5 4.5
9812 5 4.5
20449 5 5
7062 4.759048 5
12793 4.688567 5
10925 5 5
10138 4.233883 4.5
3324 4.374544 5
22589 5 5
11308 5 3.5
15939 4.940773 5
22551 4.293757 4
1494 4.79454 5
198 4.681711 5
16214 4.813271 2
275 4.588328 5
13208 4.787293 5
8209 5 4.5
18489 5 5
9291 4.202179 2
9921 5 5
18721 3.6152 4
19259 5 5
17495 4.627029 5
14991 4.553393 4
19517 4.256348 4.5
12106 4.359773 4
15210 4.641465 4.5
10383 5 5
19006 5 5
11664 4.336486 4
19174 4.747098 3.5
17520 4.223759 5
10920 5 5
2492 4.375888 5
10230 5 4.5
239 4.715947 5
1867 4.671489 5
16921 4.148439 5
10404 5 4.5
7043 4.795071 5
18561 5 5
11104 4.842521 5
1752 5 4.5
19705 5 5
9878 5 5
14471 4.88937 5
17651 5 5
17065 4.115111 4.5
20706 4.864557 4
14609 5 5
8136 5 5
178 5 5
15301 4.820572 5
6807 5 5
17035 5 5
13284 4.881528 5
16462 4.565828 3.5
11062 4.736633 5
1483 5 5
20407 4.333909 5
20304 5 5
9401 3.975682 4
18071 5 5
14679 3.869537 5
6958 4.587117 4.5
11640 5 5
9335 4.927418 5
20218 4.457761 2
3516 4.512447 5
1983 4.524076 3.5
4898 4.889352 5
34 5 5
20126 4.213784 5
1852 4.871972 4.5
16377 5 5
6500 4.890474 4
6083 4.87183 5
7507 3.89794 4
18791 4.984915 5
1126 4.521288 5
7332 5 4
756 4.619562 5
16668 4.302173 5
3698 4.105925 5
7423 5 4
9036 4.641112 5
17826 4.474597 4
20875 5 5
3443 4.487504 4.5
2223 4.287176 5
8647 4.243927 5
11871 4.214262 4.5
19437 3.850244 1
111 5 5
15056 4.374145 5
12804 4.1274 5
3974 4.665413 5
10902 4.785144 4
1721 5 5
2328 4.352619 5
2359 4.330557 4.5
18938 4.280883 5
607 4.419045 5
9305 5 4
21158 5 5
806 5 5
936 4.90083 5
19379 2.01488 2.5
8533 5 4.5
1145 4.397589 4
7329 5 5
129 4.90146 5
2291 4.148596 5
1668 5 5
5061 4.765039 4
14624 5 5
12750 5 5
20343 4.685496 4.5
9817 5 5
901 5 5
21743 5 5
7116 5 5
21778 4.785286 5
14321 5 5
16057 5 5
9159 4.727889 4.5
8556 5 4
8737 5 5
14467 0.78501 0.5
15079 5 5
21482 4.082987 4.5
11957 4.531818 5
2354 4.523127 5
3353 4.686688 5
19562 4.354424 5
7005 5 5
18258 5 5
10718 5 3.5
22413 3.081639 3
5274 4.964338 5
5348 5 4.5
15593 4.868377 5
10566 4.153548 3.5
11721 5 5
19065 5 5
15402 4.519942 5
14158 5 5
11928 4.232633 5
9959 5 5
2755 4.379357 4.5
6675 4.48528 3.5
17200 4.388357 5
17095 5 5
12482 3.789909 5
5522 4.693414 4
1374 5 4
13329 5 4.5
5448 5 5
18966 5 5
8709 4.996281 5
2996 4.205139 5
21719 4.295177 5
21144 4.565236 5
1793 4.024776 5
2346 5 5
20986 3.802318 5
15804 5 4.5
5788 3.649894 3
8092 5 5
16671 5 5
7654 5 5
6196 4.524009 5
13855 5 5
10119 5 5
14094 3.352352 1
2762 4.343918 4
21448 2.261297 3
2329 5 5
15799 5 5
21348 4.864247 1.5
14669 5 5
14912 5 5
3533 5 5
447 5 5
16521 2.541211 2.5
2514 3.847474 3
7056 4.36674 5
18458 4.296263 3.5
20063 5 4
18218 4.937083 5
16541 5 5
13323 4.325151 5
16855 4.513666 5
886 5 5
21943 4.69468 3.5
9915 5 3.5
12850 4.00765 5
12797 4.261672 3
16496 5 5
5592 4.79509 4
13174 4.652587 5
20714 4.46519 5
1851 4.24095 5
5312 5 5
18921 5 5
3476 4.496716 5
9303 3.906033 2
8804 5 4
6064 5 4.5
2399 4.512399 4
6656 4.898495 5
20542 4.565483 5
15363 4.380808 5
1737 4.601779 5
13616 4.342024 4
16759 5 5
19289 5 5
22063 4.777174 4.5
7692 5 5
4914 5 5
15239 5 4.5
474 4.062973 4.5
13579 4.908391 4.5
11205 5 5
21663 4.148753 5
4096 5 5
13572 4.860901 5
22103 5 4.5
19750 4.490204 4
8624 4.640914 4
15205 4.282907 1.5
17467 4.730407 5
1067 4.604664 5
5063 4.559939 5
22498 5 5
22000 5 5
16318 3.990383 4
13136 5 4.5
9571 5 5
10615 4.558961 5
19983 5 4.5
13416 3.078041 1
10182 5 5
20227 4.032187 1
748 4.739028 4.5
15057 5 4
2357 4.82474 4.5
6403 5 5
3839 5 5
11815 5 5
2935 5 5
17229 3.948199 3
20416 5 5
10641 5 5
15417 5 5
22632 5 5
14226 4.148596 5
17628 3.071516 1.5
1470 4.012517 5
16542 4.949935 5
10065 4.908677 5
2699 4.454138 5
22136 2.478959 0.5
20972 5 5
16794 4.940841 5
12784 4.530417 5
22487 5 5
10890 4.54481 5
13715 5 5
4681 4.851357 5
2742 4.156289 5
1722 5 4
21937 4.885218 4.5
3195 4.170419 5
622 3.728423 5
11734 3.290527 0.5
12148 4.989311 5
17075 4.516222 5
20237 4.486063 4.5
18184 5 5
14878 5 5
1227 4.138008 5
20424 4.532382 4.5
17877 4.081764 4.5
19435 2.192423 0.5
7063 4.683973 5
7039 4.330409 3
1249 4.996619 5
18580 4.568777 2
13002 4.714334 1.5
18795 4.724633 5
22587 4.773854 1
1009 4.635091 5
1128 5 5
7965 2.771035 1.5
8577 4.90711 5
16448 5 5
8491 4.332605 5
14704 4.062596 4.5
4459 4.521728 5
7295 5 5
7485 3.634794 1
4673 4.770957 5
13659 5 5
7428 4.647366 3.5
8631 5 4.5
18256 5 5
16964 5 4.5
11691 4.999827 4.5
7125 4.563969 5
13916 4.767041 5
12837 5 5
21095 4.698646 5
17247 5 5
15319 4.496835 0.5
4661 4.713987 5
221 4.713889 5
4733 4.291877 5
21661 4.830215 5
14413 5 4.5
11933 4.468013 5
22008 4.459639 4.5
5307 5 4.5
11995 3.673313 3.5
4599 5 5
21029 5 5
12628 5 5
16401 4.848174 5
17114 5 5
8232 4.909646 5
7457 5 4.5
9563 4.371231 5
10631 3.833826 2
6944 4.890459 5
19675 4.953976 5
17462 5 5
8000 4.511622 5
20093 5 5
17314 5 5
7893 1.948605 1
11294 3.754885 4
3659 4.550964 5
16881 5 2
2432 5 5
18265 5 5
7101 4.62628 5
4905 4.889042 5
6098 2.706589 0.5
11249 2.731019 2
17116 5 5
10275 3.669 5
12498 5 4.5
2796 5 5
512 5 5
10646 4.544183 4.5
8909 4.995492 5
12795 5 5
4088 5 5
12395 5 5
15404 5 4
3415 4.246982 5
6610 5 5
16268 4.691452 4
15259 5 5
17624 3.996707 4.5
3043 5 5
4871 5 5
1331 5 5
12478 5 4.5
841 4.778645 5
16388 3.365852 2
17589 5 5
20672 4.068556 5
3934 4.145596 5
1435 5 5
19772 4.437161 5
2217 5 5
19865 5 5
7646 4.753078 5
14211 5 5
1845 4.620018 5
11897 5 5
18552 5 5
15329 4.620675 3.5
15201 5 5
20340 4.906984 5
17374 4.838562 4
8148 5 4.5
1834 4.791246 4.5
18885 4.079449 4
8017 5 5
22528 4.63807 0.5
5291 5 5
18411 5 5
2252 4.784236 4
13563 4.670337 4.5
12352 5 4.5
13253 5 5
11944 4.327774 5
22527 3.424061 0.5
11135 4.456262 5
11045 4.608259 5
5122 4.854368 5
20742 5 4
21414 4.702802 0.5
4275 4.97736 5
16349 4.51334 5
7000 4.444192 2.5
5634 4.733769 5
616 5 5
4935 4.881419 5
22173 5 4.5
12248 4.650651 1
22336 5 5
11312 4.583331 4.5
9312 4.339796 2
22698 4.927398 5
1072 3.417485 4
13078 5 4.5
5898 4.281166 5
13985 5 5
16589 4.658536 4.5
22268 5 5
1844 4.615876 5
12509 5 5
5331 5 5
3593 4.129053 5
15651 5 5
12066 5 4.5
880 5 5
4667 4.630588 5
20253 4.732036 4
16976 4.76815 5
19082 4.917664 5
3485 4.882431 5
19655 5 4
2073 5 3
21754 3.284554 3
6849 5 5
17980 4.165106 4
16463 5 5
17315 4.624809 5
9308 4.939576 3
21664 4.575293 3.5
7686 4.278341 5
3049 3.728234 5
18402 4.191831 1
10178 4.942295 5
19947 4.971379 4.5
7731 5 4.5
676 5 5
13391 4.866142 5
11320 3.941923 5
13460 4.143546 4
11025 4.022058 5
5828 5 5
20278 5 4.5
11614 4.113415 5
11019 4.448798 5
875 4.666053 5
13822 4.853072 5
15894 5 4.5
21619 5 4
4305 5 5
19608 5 5
849 5 5
173 4.531065 4
20485 4.919635 4.5
631 3.873154 5
13580 5 5
14654 5 4.5
19976 2.55723 2
15159 5 4.5
15833 2.897432 3.5
15421 4.671521 5
19306 4.615876 4.5
19111 4.507119 3.5
14793 4.526765 4
19093 4.99335 5
19545 5 5
4567 4.309537 4.5
11766 4.40316 5
14877 4.875897 5
5424 3.856235 3
1037 4.326062 4
16288 4.391085 5
5302 4.148596 0.5
8394 5 4.5
14367 4.227789 5
11959 4.576883 5
13346 4.167851 4
11632 4.457157 3
18900 5 4.5
16287 5 5
8596 4.210663 1
216 4.61676 5
10806 5 5
282 5 5
13198 5 4.5
2033 4.896392 5
10006 4.89628 5
8454 5 5
8443 5 4.5
11654 4.392745 2
11556 5 4.5
16408 5 5
19162 5 5
885 5 5
11804 4.650498 5
3876 4.982682 4
17561 4.385413 5
21051 4.924721 3.5
14908 4.511611 5
17036 4.63405 5
10643 4.654915 5
10531 5 5
16980 3.875676 5
16157 1.121022 1.5
13902 5 5
18535 2.641661 1.5
21378 4.390614 5
22004 3.14432 1
12136 5 5
10503 4.966166 5
3958 5 4.5
6105 4.17644 5
14990 5 5
6062 4.975219 3.5
12930 4.523758 5
8784 4.877038 5
11396 4.668919 5
22154 4.350526 5
823 4.771362 5
6866 5 5
10368 5 5
483 4.694237 5
3106 4.297362 5
12996 4.827218 4.5
14948 4.395175 4.5
13875 5 5
18459 5 3.5
9043 5 5
12877 5 5
11770 4.524269 5
16873 5 5
196 4.365657 4.5
20450 5 4.5
1146 4.397589 3.5
12514 4.169438 4.5
16152 4.223727 4
10009 5 5
5739 5 5
12585 4.508438 5
20136 3.520953 1
4938 4.551639 4.5
19777 4.303317 5
5249 5 5
5890 4.321398 4
10557 5 5
1899 4.930677 4.5
10146 4.785433 1.5
20962 4.837687 5
862 5 5
1125 4.696279 5
8706 4.374856 5
7472 4.779498 4
8310 5 5
18242 5 5
21066 5 5
3617 4.905798 5
1974 4.612314 5
12946 5 5
4707 4.6162 5
7075 4.702544 5
18744 4.445721 3
8843 4.148439 5
1990 5 5
1563 5 5
12849 5 5
22436 4.350486 4.5
13484 4.58995 4.5
224 4.216691 5
3530 4.015502 4
102 5 5
15865 4.72668 5
18576 4.948368 5
20216 0.902572 0.5
7154 4.916047 5
16919 5 5
13557 4.911725 5
1713 5 5
20956 4.69621 4
16936 4.917274 5
10936 4.98299 4.5
2896 5 5
19085 3.48715 3
1195 4.670092 5
16958 5 5
21042 3.737279 4.5
10177 4.491139 5
6765 5 5
15516 4.381078 5
22651 5 5
10919 5 4.5
4346 4.970199 5
17397 4.640056 4
10225 2.39042 2
13991 5 5
8397 4.778836 4.5
10451 5 4.5
6704 4.59781 5
1941 4.772695 5
13654 5 5
847 2.83264 4
1161 5 4.5
3906 4.52734 4.5
9181 5 5
11114 4.422071 5
21742 5 4.5
21489 4.659486 5
17588 5 5
8080 5 5
12264 5 5
6981 4.740109 5
1927 5 5
1621 5 4.5
22631 5 5
16312 5 5
17011 5 1
13842 3.125845 4.5
1507 5 5
20077 5 4.5
9658 5 5
2722 4.493999 5
10894 5 5
9700 5 5
758 4.905798 5
11755 5 4
20924 4.32358 4
19661 5 5
8582 5 5
10198 5 4
930 5 5
14012 5 5
10752 5 4.5
2930 4.518336 4.5
2161 5 5
3230 4.906538 5
12075 4.470302 4.5
20031 4.775206 4
19034 4.65937 5
5163 5 5
2906 5 4.5
19764 4.440007 5
13011 5 4.5
9472 5 5
12808 4.698301 4
3605 4.671729 5
9167 4.023799 5
10709 5 5
2179 5 5
12289 4.210918 5
9880 4.32624 4
22557 2.667938 3
9606 5 5
19550 5 5
10518 4.061238 5
12673 2.689316 1
2908 5 5
17609 3.455987 2.5
13511 4.756213 4.5
8916 5 5
517 5 4.5
7151 4.495031 5
5518 4.148596 5
16748 5 5
15099 5 5
2939 4.696558 5
11132 4.412038 5
414 4.035844 4
14873 5 4.5
20550 5 5
5584 0.889491 0.5
11923 4.678763 4.5
3462 4.148596 5
9447 5 5
18233 5 5
22541 5 4
18341 5 5
12851 5 4.5
7530 4.776489 5
13013 4.604264 4.5
10273 4.95543 5
22556 5 5
273 5 5
11730 5 5
19639 5 5
20682 4.506293 5
8338 4.510384 2
11134 4.309988 5
18562 2.051623 0.5
9650 5 5
16744 5 4.5
20704 5 4.5
6328 4.410425 4.5
19123 4.948133 3
14615 5 5
11802 4.704463 5
1141 4.148596 5
297 5 5
2347 5 5
17679 4.297821 4
19124 4.643371 5
3945 5 5
13004 5 4.5
21007 4.897894 5
13854 4.259734 1
15782 5 5
5551 4.246655 4.5
8864 4.777567 5
209 4.288837 4
13843 4.083618 3
13153 5 5
18491 5 5
4259 4.490005 5
15719 4.0891 3
7219 4.858785 4
17620 2.617651 1
9555 5 5
15151 4.567915 5
3566 5 4.5
12531 3.873218 0.5
3701 4.888597 5
18878 5 5
19957 4.947955 4.5
14898 3.381587 3.5
19011 5 4.5
9062 5 5
16949 4.575122 5
101 5 5
20057 5 5
16357 5 5
12890 5 3.5
223 5 5
9648 4.148596 5
7658 5 5
6980 4.632155 5
787 4.200771 5
21836 4.989194 5
2447 4.159253 4.5
3297 5 5
9678 5 5
16441 5 5
18204 4.754558 5
21624 4.514521 5
19045 5 4.5
2377 5 5
19413 5 5
1944 5 5
5271 4.870432 5
13585 4.576102 5
22488 4.215782 4.5
8079 4.148439 5
9189 5 4
9876 4.131709 4.5
1214 4.596796 5
7152 4.523276 5
8016 4.520439 4.5
16242 3.376976 0.5
1975 3.720199 5
6067 4.622162 5
21353 4.603726 5
2008 5 5
20928 4.44802 4
18622 5 5
8001 4.917871 4.5
9176 4.477639 5
8192 5 5
12994 5 5
13491 5 4.5
1159 5 4
12929 5 4.5
8456 3.470641 4.5
21427 5 4.5
5650 5 5
6283 5 4.5
12473 5 5
9933 5 5
21446 5 4.5
2582 5 5
3100 4.678823 5
20378 4.627199 5
5237 5 5
11098 4.649874 4.5
6782 4.399683 4.5
4953 4.828197 5
12905 5 5
6904 5 4.5
6106 4.516012 5
21284 5 4.5
19574 4.554659 4
9589 4.435967 5
18443 4.519481 4.5
10475 5 5
6494 4.527802 5
2800 4.64329 5
13573 4.464755 5
20552 3.56369 5
4910 4.603604 5
10203 4.60553 5
19451 4.019605 3
20222 4.797251 4.5
6032 4.474776 5
10798 5 5
8829 5 5
10793 4.00073 4.5
22260 5 5
10940 4.441266 4.5
10433 4.148439 1
19309 5 5
20582 4.466373 4
3052 5 5
13474 5 5
17870 3.422844 0.5
21235 4.869028 5
20430 5 5
13126 5 5
13522 5 5
8161 3.246242 2
22572 3.638735 5
12227 5 5
6213 4.961421 5
13739 5 5
21053 4.457352 5
21050 4.754759 4
19057 3.332924 1
20490 4.308457 5
293 5 5
10906 4.096692 5
16303 4.590294 5
14571 5 5
2885 2.255831 0.5
14978 5 5
11262 5 4.5
7862 5 5
6491 4.374363 5
8025 5 4.5
13352 4.88933 4.5
8970 4.750098 4
15657 4.706045 5
19605 4.560645 4.5
20092 4.648352 5
9872 3.710848 0.5
1817 4.460583 4
5075 4.148596 5
15230 5 5
9463 4.665926 5
11527 4.971276 5
10994 5 5
908 5 5
22 4.983492 5
6370 4.982524 5
4324 4.222391 5
17844 4.181474 5
18581 4.32581 2.5
19256 4.390921 4
20157 4.668797 5
15665 3.88637 4.5
20589 5 5
12653 3.787212 1
9670 5 5
12729 2.822171 0.5
4247 5 5
2989 4.655027 5
3564 4.750077 5
7366 4.800269 4.5
2352 5 5
11862 4.433397 5
5461 5 5
13778 4.776375 5
5450 5 5
21072 3.67828 0.5
17331 5 5
15926 4.301335 5
7738 4.922375 4.5
6277 5 3
4177 4.950508 4.5
17698 4.551195 5
6414 4.638355 4.5
5616 4.102173 0.5
10723 5 5
15801 2.929165 1
13154 4.310892 5
6961 4.871178 5
12286 5 4.5
9432 4.697796 4.5
14831 4.093872 5
7237 5 4.5
13799 4.70835 5
12354 5 5
18833 5 5
7274 4.996019 4.5
19622 4.822111 5
19567 4.485345 4
6984 4.11389 5
22075 4.111155 4.5
4351 4.277837 5
15184 2.511512 0.5
16128 4.706006 5
2229 5 5
7402 5 5
16454 4.201861 4
22020 1.302427 0.5
6885 4.447104 2
667 4.893917 5
5229 4.575872 5
694 4.382497 5
20810 4.817659 5
2642 5 5
6600 3.981514 5
12428 5 4.5
19390 4.941723 5
5410 5 4.5
9937 5 5
18859 5 5
17066 4.682475 4.5
1689 4.909308 4.5
20651 5 5
15109 4.617564 5
14779 4.375939 5
3855 4.929602 4.5
2668 5 5
15397 5 5
14857 4.66563 5
6402 4.467006 5
11799 4.86394 5
18163 3.62234 2.5
9035 5 4
18673 5 5
990 5 4.5
15635 5 5
15042 5 4.5
11401 4.53126 5
1958 4.935303 5
22216 5 4.5
16147 4.434758 5
13553 5 5
643 4.796996 5
20251 3.141843 5
14542 5 4
15288 5 5
10081 5 5
3432 4.188846 5
17675 4.247297 4
9057 5 3.5
6511 5 4.5
6664 5 5
3258 3.600731 5
5874 4.65449 5
13748 5 5
12431 4.846597 5
3497 2.325703 3
19689 4.819816 5
18875 4.668638 5
1302 4.300147 4.5
12618 5 5
11393 5 5
1567 3.920332 4
10423 4.891731 4.5
9485 4.301864 5
21708 5 5
348 5 4.5
3377 4.498451 5
3514 4.532123 5
10959 5 5
5979 4.363423 5
4921 5 4.5
18676 4.355918 5
11227 5 4.5
11379 5 5
20254 4.456208 4
2431 4.252939 5
10278 5 5
12393 5 5
8666 4.274551 4.5
18681 3.795617 4
1626 3.936892 4.5
12803 4.830812 5
2234 5 5
3809 4.245051 4.5
16721 4.47733 4.5
7509 4.420196 4
18688 5 5
21677 5 4.5
6857 5 5
16301 5 4.5
3923 4.255834 4.5
22272 4.706897 4.5
14815 5 4.5
17842 2.011515 0.5
2741 4.993493 5
10154 5 5
10508 5 5
1715 5 5
10354 5 5
8398 3.56281 4.5
9152 5 5
5169 5 5
13531 5 4.5
10822 5 4
10416 5 5
22502 4.597112 5
6943 5 5
12082 5 4.5
2218 4.554406 5
5468 5 5
7264 4.904863 5
15842 5 5
8327 4.541896 4.5
9885 5 5
6043 5 4.5
17052 5 5
19047 5 4
20723 4.520367 5
3644 4.671462 5
15125 5 5
8764 4.674953 5
11316 4.639488 4
7742 5 4.5
18598 4.729327 4
17055 4.96638 5
10796 4.142064 5
13317 5 5
21851 5 5
4477 4.147162 5
5737 5 5
12403 4.603155 4.5
8207 5 5
13133 5 5
2657 4.468942 5
16882 4.720304 5
6135 5 5
16415 4.363339 5
5544 5 4
21460 5 5
6309 4.453898 5
22089 1.375581 0.5
14419 4.213534 5
9419 4.345491 5
21393 4.749628 4
3247 4.57915 4
5465 5 5
12163 5 5
15308 4.166499 4
9260 4.044631 5
2451 4.816187 4
18960 4.817902 5
7885 5 5
17773 5 5
4942 4.917198 5
12881 3.932057 3
1189 5 5
11418 5 5
5564 5 4.5
1740 4.678273 5
15281 5 4.5
7815 5 5
4725 4.277328 4
10402 5 5
11735 5 4.5
17666 5 4.5
1557 5 5
13161 4.550738 5
4833 5 5
14470 2.034076 0.5
16251 5 5
8480 4.698057 4.5
20493 5 5
19878 5 4.5
15889 3.570851 4.5
13137 4.213147 4.5
22055 4.692631 4.5
678 3.911334 2.5
13780 4.63295 5
8196 5 5
8036 5 5
10900 5 5
7273 4.581006 5
9579 4.481504 5
6173 4.672655 5
192 5 4.5
20399 5 5
6310 4.949728 5
16269 5 5
2316 4.795679 5
6637 4.702064 4.5
10022 4.992524 5
3779 4.988473 5
14292 4.696696 5
22529 4.673394 1.5
3336 5 5
12002 3.27485 1
8274 3.177063 0.5
14233 4.102106 0.5
1432 4.694818 4.5
22659 3.38378 1
22645 5 4.5
4840 4.864017 5
3848 4.956577 5
15715 4.679294 5
8972 4.305768 4
2041 5 5
14130 4.551126 1
5118 3.925604 5
6462 4.7633 5
15778 4.688991 5
600 4.284306 4
1480 5 3
21187 5 5
14440 4.02699 4.5
3672 4.618735 5
22240 5 5
146 4.52388 5
17366 4.070513 1
6949 5 5
7694 4.950179 5
7267 5 5
3358 4.948806 5
15440 5 5
13619 5 4.5
20518 4.948092 5
10765 4.751781 5
16185 4.635843 1.5
18022 4.650228 4
18965 5 4.5
2169 5 5
10297 5 5
3517 4.22632 5
449 5 4.5
10630 5 5
3576 4.405452 5
16079 5 5
11892 4.116251 4.5
22263 5 2
20887 5 5
6667 4.597702 5
12347 5 5
6953 4.797227 0.5
17761 4.955516 4.5
7566 4.220317 4
14210 5 4.5
171 4.857698 4
7896 5 4.5
12968 4.021183 5
1902 4.805023 5
8762 5 4.5
10215 3.80756 5
11520 5 5
4797 4.599754 5
13759 4.730412 5
3900 4.854904 5
9263 4.018434 5
759 4.343918 5
507 5 5
11675 0.949092 1
5376 4.431362 2.5
4342 5 4
803 5 5
10881 4.303739 4.5
18107 4.489306 3
9548 4.17246 5
17012 5 5
10659 5 5
21001 4.933293 4.5
10522 4.148596 5
11888 3.535847 5
1144 4.455343 5
1942 5 5
20676 5 5
2631 4.429672 3.5
11403 4.510055 5
2798 3.366034 1.5
8504 5 4.5
11681 4.657846 5
10199 4.753119 4
13344 4.598444 5
132 4.464928 5
19000 5 4.5
3673 5 5
14551 5 5
7630 4.936956 4
9694 4.423584 5
3513 4.921121 4.5
18760 2.917517 5
9220 4.714972 5
18469 5 5
2504 5 4.5
19474 3.788722 3
17564 4.226882 5
13056 4.485556 4.5
4664 4.602615 5
5417 5 4.5
12987 5 5
15384 5 4
9807 5 5
21200 5 5
15618 5 5
22125 5 4.5
19434 4.278846 1
7635 5 5
7904 5 5
1894 4.501287 3
12727 5 4.5
69 4.966803 5
2144 5 4
10243 2.94479 2
14507 4.952707 5
13288 5 5
7644 5 5
16265 1.545058 2
14069 4.528514 5
10767 5 5
1891 5 5
4029 5 5
11339 5 5
3387 4.65511 5
8392 4.181212 5
1235 4.468309 4
21216 4.107716 5
8194 4.81336 4
11479 5 5
11932 5 5
13704 4.31138 5
5191 4.397186 5
14960 4.698528 4.5
21694 5 4.5
11488 5 5
8523 5 5
14540 4.270038 4
4850 5 5
12050 4.148439 5
16223 4.811389 4.5
11631 5 5
19901 4.660573 4
16112 4.880915 4
218 4.7425 4
18278 5 5
8712 4.576628 5
5658 5 4
18800 4.495625 5
18902 4.801027 4.5
9262 4.752434 5
6609 4.634197 5
6833 4.828989 5
2567 5 4.5
14587 4.190597 5
14220 5 5
20963 4.91869 5
9761 2.470999 4.5
3992 4.578253 5
4799 5 5
18604 5 5
5857 4.814892 5
16971 4.558368 4.5
922 3.547198 4
11376 5 4
12674 4.901929 4.5
11700 5 5
10697 5 4.5
17608 5 5
15097 4.423075 5
10323 5 5
8372 4.415178 5
20350 5 4.5
11430 5 5
19387 3.617845 2
7533 5 5
17119 5 5
8574 5 5
12314 4.546118 5
1756 4.360692 5
1821 4.90168 4
9854 4.872809 4
16557 4.827532 0.5
10363 5 4.5
5447 4.390005 4
8956 4.383488 3.5
3446 4.478982 5
8095 4.682193 0.5
18389 5 5
15321 4.776095 5
3176 4.087052 5
3790 4.672587 4.5
20953 5 4.5
16467 5 5
20395 5 5
15605 4.93898 5
13369 4.046243 4
21485 5 4
10481 5 5
19330 5 5
9926 4.856622 4.5
5173 4.173697 5
2250 4.808679 5
7476 5 3
8090 5 5
9186 4.542113 4.5
3375 4.773276 5
12287 4.613323 5
9592 5 5
6087 5 4.5
20606 4.485187 5
11902 4.291078 4.5
17965 4.762676 5
4569 4.945328 5
20106 4.460198 4.5
4478 4.882463 5
5600 5 5
16076 4.760377 5
22124 5 5
812 4.767634 5
10395 5 5
6962 2.109756 0.5
20680 4.498053 5
2812 4.733927 5
6302 5 5
14222 4.725953 5
5397 5 5
15506 2.833148 1
3311 4.573236 5
5578 4.769069 3.5
52 5 5
4183 4.217831 5
1829 4.579098 5
18295 4.694392 5
20519 4.668972 5
12100 4.150777 5
2873 5 5
8724 4.682922 5
2934 3.813545 5
19542 4.764008 5
12604 5 3.5
4388 4.534161 5
5818 4.370471 4.5
8896 5 3
11775 4.305284 4.5
17836 5 5
8721 5 4.5
820 4.250237 4
8322 5 5
15045 4.884617 5
21052 4.553991 4
19219 4.358231 4
15371 5 5
20658 5 5
20423 4.38698 1
8649 5 5
20872 4.788242 5
3384 4.870625 5
14348 4.91073 4
7691 4.309741 5
17774 4.099755 5
19060 5 5
4329 4.691288 5
15853 4.933033 1
36 5 5
17363 5 3.5
18789 5 5
22573 5 5
10285 4.946822 5
3599 4.174566 5
18635 5 5
8772 5 5
19358 4.61749 4
20650 4.668763 4
1509 3.392985 5
9671 4.994917 5
22179 5 5
11837 4.576244 5
11557 4.236968 5
19199 2.759223 1.5
6623 5 5
16570 4.260025 5
3183 5 5
4652 4.149537 5
8676 5 5
9333 2.160966 2
15395 5 5
9441 5 5
1949 5 5
18279 5 5
4508 4.80573 5
13903 4.952186 5
2396 4.590419 4
11524 5 4.5
8204 5 5
4466 4.410712 5
14728 5 5
18428 4.691975 5
13629 5 5
8386 5 5
14058 4.917673 5
4300 4.783317 5
22287 5 5
9946 4.24676 5
538 4.498908 5
2439 4.422533 4.5
21308 5 5
8088 5 5
12306 4.966809 5
13965 5 5
1237 4.806653 5
12713 4.310678 5
16281 5 5
8930 5 4.5
2036 5 5
21272 3.63663 0.5
87 5 3.5
4754 5 5
1956 4.971472 5
21578 2.539955 2.5
18691 3.95249 5
13987 5 4.5
20459 5 5
21244 4.933991 5
17046 5 4
8609 3.842839 5
16951 3.856668 5
13142 5 4
8489 5 5
7990 3.686232 1.5
11200 5 5
4315 4.860098 5
7637 5 5
7037 4.511557 5
20071 5 4.5
708 4.736121 5
1098 5 5
21141 4.995113 5
10493 4.647241 4
4016 4.044033 3
15450 5 5
14016 4.539655 5
1959 5 5
22685 5 5
21466 2.943829 5
16445 4.663007 5
1787 4.591469 5
5299 4.235898 1
9638 5 4.5
22188 3.195423 4
11388 4.927169 5
18649 5 5
16634 5 5
1308 4.389298 5
20895 5 5
18003 4.551089 4.5
8753 5 5
14273 4.084401 2
11392 4.542179 5
16063 3.495411 1
20393 5 5
12187 2.557527 3.5
2539 5 4.5
1556 5 5
14105 5 4.5
10506 4.89049 5
68 4.913527 5
5324 5 5
9436 5 5
17894 5 5
14104 3.819597 0.5
983 3.885234 5
2335 5 4.5
7311 4.369885 5
16083 4.670544 5
6628 4.9491 5
9127 4.865356 4
3405 5 5
10066 3.886662 5
2736 4.892106 4.5
2574 4.687047 5
1441 5 5
5692 5 4.5
17476 5 5
3075 4.464138 5
16059 4.488936 5
13345 4.797562 5
15046 2.25361 1
12979 4.669916 4
3089 4.261637 5
9499 4.681711 4
9856 4.10182 5
20446 4.970301 5
15556 2.706589 1
76 4.194136 5
4989 4.654302 5
84 5 5
22352 4.59012 5
5322 4.499142 5
11867 4.148596 5
3029 3.834126 5
6353 5 5
21500 5 5
20532 4.543397 4.5
21321 5 4
20732 4.210378 5
1399 5 5
7707 4.921857 5
19215 3.636895 2.5
2088 4.957588 4.5
10599 4.6496 5
7171 4.84137 5
17071 5 5
10904 3.933312 4
6258 4.045902 1
16703 5 4.5
10569 4.562481 5
21621 5 5
11749 5 5
22250 4.782599 4.5
13615 4.117408 5
10024 5 5
2710 4.252348 4
4297 4.703121 5
9013 3.471689 1
20049 5 4.5
4693 4.649908 4.5
7081 5 5
8020 5 5
4299 4.148596 4.5
13614 5 5
18329 5 5
13342 4.986972 4
7326 4.050617 5
13127 4.447624 5
2593 4.397577 5
10639 5 5
17296 5 4.5
1796 5 5
12183 4.643993 5
12730 5 5
3128 4.814989 5
18198 5 5
12029 3.787207 0.5
8755 5 5
18932 3.876566 5
16168 5 4
20226 4.118285 0.5
16095 5 5
22023 2.84385 0.5
3161 4.491398 5
12240 5 5
2235 5 4.5
12893 3.864843 2
15083 4.731847 5
11533 5 5
18708 5 5
3167 4.323329 3.5
9465 4.506641 4
18643 4.82182 5
17685 5 5
13940 4.23892 4.5
20441 3.601598 5
4555 5 5
20948 5 5
10953 4.771778 5
13523 5 5
20202 4.812007 5
17697 5 5
15484 3.525677 3
15485 5 5
16477 4.519673 5
15261 5 4.5
8201 4.984453 3.5
8023 4.610979 5
11082 5 5
9536 4.759254 5
20913 5 5
614 5 5
11060 4.363729 5
2164 5 5
5178 5 5
19993 4.038104 4
11580 4.494512 5
2825 4.668839 5
17867 5 5
20689 2.840758 2
45 4.099629 4
10827 4.771748 3.5
21424 4.731517 5
3122 4.768675 5
511 5 5
13937 4.416512 5
8644 4.976413 5
19943 5 4
7585 5 3.5
2446 5 4
21373 3.830035 5
5423 4.99264 4.5
14774 4.153772 5
12263 4.663548 5
3642 5 5
8672 4.316259 4
2650 5 5
16329 4.915499 5
15629 5 5
15662 4.884096 5
11443 5 5
12309 0.981535 1.5
10082 5 4.5
12257 5 4.5
15250 5 5
3866 4.340743 4.5
15691 5 4.5
2605 4.85155 4.5
9195 3.520121 3.5
98 4.256044 3.5
5882 3.50393 0.5
2288 5 4.5
13090 5 5
21474 5 5
17662 5 5
18999 4.256851 5
27 5 5
5235 4.176289 4
3537 3.578178 1
2712 4.402152 3.5
16296 5 5
15342 5 4.5
891 5 5
18334 4.616536 5
21980 4.512966 5
17442 4.555495 5
12258 4.583261 4
3355 4.479921 5
21105 4.993145 5
18271 5 4.5
14029 4.986796 5
18929 5 5
18255 5 4.5
17776 5 4.5
7596 5 5
20502 3.565298 1
8813 4.70007 5
3622 4.199615 3
8907 5 5
9495 3.509867 4.5
16771 5 4.5
5280 5 5
8208 5 5
3303 4.512471 4
21525 5 5
21395 4.736806 4.5
21637 4.176839 0.5
3027 5 5
13178 4.252036 5
20298 5 4.5
148 4.326062 5
12076 5 4.5
19846 4.732099 5
6421 5 5
2713 5 5
7570 4.148596 4
13597 4.788726 5
13163 5 5
549 4.558594 5
10013 5 5
1140 4.782504 5
11385 4.883511 4.5
494 4.744315 5
2149 5 5
462 4.58257 5
2126 5 5
3288 3.54066 1
8803 4.275647 4.5
780 5 2.5
17458 3.351084 2
12612 5 5
12062 5 5
5361 4.983364 5
18289 4.973128 5
20269 5 5
1208 5 5
4295 4.972503 5
19880 5 5
13248 5 5
4042 5 5
11522 5 5
7015 5 5
16524 5 5
13028 4.830264 4.5
5223 4.723255 5
2875 5 2.5
16917 5 4.5
20670 5 4
14989 4.148596 5
6120 4.448778 5
9583 4.842513 5
5937 5 5
5525 4.712799 5
6552 3.927872 4.5
5089 5 4.5
4116 4.465646 5
4491 5 5
13942 5 5
6797 4.810384 5
10380 5 5
10262 5 5
14239 5 5
1798 4.909566 5
14841 5 5
6123 4.321398 5
12591 2.287816 1.5
12641 4.57051 5
8288 4.148596 5
3559 5 5
10650 4.328393 5
17470 3.531166 0.5
17749 5 5
17904 4.372901 5
5412 4.230224 4
18726 4.854938 5
8824 2.256686 0.5
7574 4.569197 4
19262 5 5
6734 5 5
8346 5 4.5
723 4.521288 4.5
3134 4.615876 5
10556 5 5
11655 4.148596 5
20779 4.456991 4.5
22438 4.797412 4
16683 4.837617 5
10976 4.508445 5
18767 2.865463 2
9505 5 3
18912 5 5
6995 4.618123 4
13408 4.929568 4
19553 4.740821 4.5
20757 4.528757 5
8300 5 5
11586 4.588798 5
1775 5 4.5
8937 4.40982 5
6606 5 5
14872 4.415784 5
199 4.397589 4.5
8412 4.66705 5
17725 5 4
741 4.838684 5
8776 4.576813 4
20367 4.954051 5
1930 4.495088 5
2786 5 5
5345 4.25397 5
2789 5 5
15213 4.948772 5
12 5 3.5

Real Score: 0.4860352

